id_ligne	id_train	latitude	longitude	ligne
1	1	49.116627881584776	2.368253547610189	H
2	1	49.11683523352022	2.368542288383732	H
3	1	49.11716336506156	2.368999227039116	H
4	1	49.117385394692775	2.369321323384196	H
5	1	49.11756157168284	2.369605031528311	H
6	1	49.117716167102664	2.369881876928586	H
7	1	49.11785072258908	2.370145939355758	H
8	1	49.11796601288052	2.370406761983622	H
9	1	49.11814842418883	2.370887765575727	H
10	1	49.118275991284456	2.371322153303947	H
11	1	49.118358627633306	2.371642798976949	H
12	1	49.11842239059246	2.371925071673401	H
13	1	49.118471763061244	2.372211443882041	H
14	1	49.11853097454764	2.372664969762936	H
15	1	49.118558761512304	2.372954067335911	H
16	1	49.11857397255494	2.373197946231457	H
17	1	49.11860422954734	2.37419398801061	H
18	1	49.118629047025756	2.375294149138612	H
19	1	49.118633486092804	2.375464037949679	H
20	1	49.118662785260064	2.376572425439091	H
21	1	49.118669886074166	2.376840960048925	H
22	1	49.118677871543596	2.377151964906881	H
23	1	49.118683187661205	2.377378026581881	H
24	1	49.11869204924625	2.377747946564409	H
25	1	49.11870090845258	2.378121974775684	H
26	1	49.11873897685844	2.37976468962494	H
27	1	49.118743402377234	2.379953759484097	H
28	1	49.11873138358094	2.380822357903373	H
29	1	49.11871866194024	2.381164857820234	H
30	1	49.11869789108122	2.381392265572972	H
31	1	49.11865274312347	2.38186625987457	H
32	1	49.11860584841769	2.382204617159483	H
33	1	49.11855086871308	2.382519676448837	H
34	1	49.118489594912106	2.382829247198655	H
35	1	49.11843735226335	2.383041554475454	H
36	1	49.118312151197514	2.383541500184464	H
37	1	49.11816716033085	2.384052383662404	H
38	1	49.11808881729373	2.384312614122676	H
39	1	49.1178123535769	2.385242591742117	H
40	1	49.117675444609226	2.385761692517478	H
41	1	49.11760246650585	2.386083574277913	H
42	1	49.117528555524586	2.386480803077359	H
43	1	49.1174933722135	2.386738329747166	H
44	1	49.117477132139854	2.386861614939926	H
45	1	49.117430148125884	2.387369840188663	H
46	1	49.11742013507057	2.38764383177174	H
47	1	49.11740787130671	2.388926146071551	H
48	1	49.117404911686656	2.389501546110945	H
49	1	49.11741455500852	2.390042709313123	H
50	1	49.1174252019595	2.390353712575591	H
51	1	49.1174439557496	2.390634584022454	H
52	1	49.11747349885331	2.390918208160942	H
53	1	49.1175066465831	2.391184026893407	H
54	1	49.11754161864868	2.391395046772242	H
55	1	49.11755237856592	2.391460819503131	H
56	1	49.117680654229794	2.39213089826975	H
57	1	49.11788636527302	2.393126172129542	H
58	1	49.118247158290345	2.394866525621049	H
59	1	49.118586578788346	2.396476382616109	H
60	1	49.118734775197325	2.397153290509102	H
61	1	49.11882626620707	2.397669271646377	H
62	1	49.11887843596242	2.397999204548541	H
63	1	49.1189353263789	2.398401642801668	H
64	1	49.11896608042607	2.398731548854243	H
65	1	49.11898971312822	2.399028823724457	H
66	1	49.119008563123025	2.399369591416852	H
67	1	49.11902264538447	2.399724852518911	H
68	1	49.04539401902255	2.107233059674135	H
69	1	49.04535455044023	2.106582403517276	H
70	1	49.045325127047086	2.105934758426439	H
71	1	49.04531443162009	2.105610917541017	H
72	1	49.045309627046024	2.105221049327595	H
73	1	49.04531164742989	2.105110703444507	H
74	1	49.09107345127054	2.201823484236059	H
75	1	49.08986674608037	2.201233908368463	H
76	1	49.0893070951686	2.200978026879316	H
77	1	49.03398763535105	2.128263873923673	H
78	1	49.03411371486716	2.128129194074633	H
79	1	49.03514131661528	2.127001222509833	H
80	1	49.03555093381103	2.126554371205225	H
81	1	49.03590708953157	2.126148450092699	H
82	1	49.036127932597516	2.125911377526481	H
83	1	49.03646810063153	2.12554623049908	H
84	1	49.03680833380711	2.125216360117579	H
85	1	49.036899197147335	2.125137259772238	H
86	1	49.03715576846768	2.124921739789295	H
87	1	49.03741817942705	2.124701970925326	H
88	1	49.037707906102824	2.124508532850205	H
89	1	49.037857680477465	2.12440497701337	H
90	1	49.03797068199848	2.124326846051249	H
91	1	49.03838472391599	2.124059183968403	H
92	1	49.03880481008596	2.123776786101228	H
93	1	49.039211037785506	2.123509210313695	H
94	1	49.03955502818853	2.123276559854186	H
95	1	49.03980469913301	2.123100396882109	H
96	1	49.040083996360586	2.122898114370557	H
97	1	49.04057156463475	2.12250205708275	H
98	1	49.04125300442636	2.121908172963901	H
99	1	49.04162911548944	2.121542675220651	H
100	1	49.04187861387301	2.121276213118279	H
101	1	49.0421585755951	2.120950794296375	H
102	1	49.04241157674262	2.120635065769966	H
103	1	49.042659137416265	2.120296103058859	H
104	1	49.042909349117494	2.119932502105775	H
105	1	49.0431774371912	2.11951273202694	H
106	1	49.04342841055785	2.119077985287255	H
107	1	49.043671259185835	2.118628222981143	H
108	1	49.043890707143255	2.118168981940748	H
109	1	49.04407875932865	2.117752285473035	H
110	1	49.04428553764868	2.117253422064275	H
111	1	49.04447347703596	2.116779262196315	H
112	1	49.04462637908682	2.11632440698335	H
113	1	49.04476940374858	2.115877800295999	H
114	1	49.04489537705734	2.115450420487825	H
115	1	49.04500609073496	2.115038154341169	H
116	1	49.04518712540757	2.114254838940085	H
117	1	49.04527265003706	2.113839944694882	H
118	1	49.0453473304269	2.113425656976552	H
119	1	49.045412216837576	2.11300892676945	H
120	1	49.045463641625155	2.112633856150531	H
121	1	49.04552899059057	2.112022053058747	H
122	1	49.04556911523097	2.11138984248111	H
123	1	49.0455861257585	2.110894539819698	H
124	1	49.04558675004852	2.110754998510663	H
125	1	49.04558799234494	2.110445627189618	H
126	1	49.04557048320543	2.110005283062125	H
127	1	49.04554626659486	2.109539658597023	H
128	1	49.04552209833526	2.109099345927296	H
129	1	49.04546705082187	2.108193440028024	H
130	1	49.04539401902255	2.107233059674135	H
131	1	49.132577701471654	2.280515369819846	H
132	1	49.13454061935222	2.27565936485099	H
133	1	49.13493268574389	2.274687083291566	H
134	1	49.135160796803525	2.27412837303634	H
135	1	49.135353281682534	2.273689365759236	H
136	1	49.135526780905764	2.273341035287543	H
137	1	49.135740710540766	2.272963638695093	H
138	1	49.13598796127094	2.272607952052375	H
139	1	49.13622096697999	2.272306675190137	H
140	1	49.13649917537708	2.272001708776877	H
141	1	49.1368249647291	2.271685798336763	H
142	1	49.13859185028871	2.270029841963733	H
143	1	49.140287371203286	2.268439142618548	H
144	1	49.140625076101884	2.268173937332809	H
145	1	49.14092713481285	2.267981311096413	H
146	1	49.14127679676846	2.267817627562239	H
147	1	49.14155512976764	2.267737454764108	H
148	1	49.141909613816864	2.267678932094973	H
149	1	49.14228078443509	2.267674786874432	H
150	1	49.14264009766547	2.267732310361472	H
151	1	49.142963748509466	2.267837030870093	H
152	1	49.14323506904842	2.267967214367085	H
153	1	49.14352784025672	2.268159021828312	H
154	1	49.143808741278626	2.268394369927039	H
155	1	49.14411584819723	2.268687713633045	H
156	1	49.14434679005173	2.268937644669891	H
157	1	49.14461109115754	2.269270947505274	H
158	1	49.14484448827195	2.269651444988593	H
159	1	49.145041744568736	2.270039114589342	H
160	1	49.14528660697936	2.270552769414137	H
161	1	49.11406195062203	2.287915343526005	H
162	1	49.116625586639465	2.28830659168989	H
163	1	49.11694681667282	2.288357021538845	H
164	1	49.11729423270714	2.288436428022629	H
165	1	49.11757503227874	2.288530398751395	H
166	1	49.11785821410423	2.288631616968672	H
167	1	49.11816757682513	2.288750936667034	H
168	1	49.11879583190757	2.289022194121215	H
169	1	49.119152790966446	2.289166845941156	H
170	1	49.11956923416492	2.289315067602379	H
171	1	49.11991665355915	2.28940535844051	H
172	1	49.12026168226738	2.289470277591375	H
173	1	49.12059242160864	2.289502586187275	H
174	1	49.12089459779038	2.289505921794906	H
175	1	49.12122055846027	2.289491108991441	H
176	1	49.121517957620156	2.289450948405008	H
177	1	49.121836764659264	2.289396264519451	H
178	1	49.12210559237836	2.289309002235829	H
179	1	49.12245054344547	2.289185413794657	H
180	1	49.12280737598382	2.289025560035485	H
181	1	49.123302171874336	2.288778564160312	H
182	1	49.127626840453296	2.286573635496457	H
183	1	49.12881861486693	2.285966938726975	H
184	1	49.1290897965659	2.285828883434149	H
185	1	49.12940379104823	2.285658151143287	H
186	1	49.12967495914359	2.285491087357515	H
187	1	49.12991994832336	2.285309545760705	H
188	1	49.13016254315343	2.285095374180887	H
189	1	49.130364694136944	2.284892118396909	H
190	1	49.130612018766676	2.284616297801082	H
191	1	49.13088310131207	2.284264309722812	H
192	1	49.13108995865242	2.283952268813711	H
193	1	49.13130154615472	2.283578579262125	H
194	1	49.1314750728893	2.283226685066815	H
195	1	49.131700863676485	2.282704315327321	H
196	1	49.13191475035858	2.282171075949369	H
197	1	49.13256827599466	2.280538684486732	H
198	1	49.132577701471654	2.280515369819846	H
199	1	49.04539401902255	2.107233059674135	H
200	1	49.04551189732959	2.108136477562507	H
201	1	49.04561541246713	2.108740469746825	H
202	1	49.045723459783936	2.109232236145258	H
203	1	49.045840959581405	2.109691383926692	H
204	1	49.0459511096013	2.110045600330533	H
205	1	49.04602767841923	2.110262426900967	H
206	1	49.04629788495493	2.110941680988262	H
207	1	49.046866418001265	2.11208652333593	H
208	1	49.04711723985479	2.112592143336525	H
209	1	49.04752945019033	2.113378651037956	H
210	1	49.048734070866125	2.115749294818896	H
211	1	49.04888572618355	2.116048234886255	H
212	1	49.04924721355238	2.11674795521901	H
213	1	49.049488384630784	2.117195745839415	H
214	1	49.04974620459977	2.117639847013365	H
215	1	49.04998724226861	2.118018869659704	H
216	1	49.05021390553657	2.118347279825379	H
217	1	49.050456417574864	2.118685888003766	H
218	1	49.05088908414553	2.119218937350977	H
219	1	49.05132330901454	2.119690735073348	H
220	1	49.05157505887775	2.119950270856516	H
221	1	49.05168742081006	2.120051396568381	H
222	1	49.05198833923073	2.12032205009989	H
223	1	49.05279605101455	2.120909893430427	H
224	1	49.053206625451836	2.121177645922871	H
225	1	49.05353887830219	2.121400590726058	H
226	1	49.053543378947715	2.121403308274942	H
227	1	49.05370364170474	2.121505229437814	H
228	1	49.05418276717311	2.121883523535364	H
229	1	49.054367433025874	2.122051018320342	H
230	1	49.054758374229245	2.122400970914177	H
231	1	49.05477459221881	2.122417319959996	H
232	1	49.054782697963034	2.122424126367782	H
233	1	49.055101759569936	2.122735908273571	H
234	1	49.055101759569936	2.122735908273571	H
235	1	49.05531243961677	2.122941784839979	H
236	1	49.05558617043153	2.123243573991299	H
237	1	49.05580998647676	2.123556743123518	H
238	1	49.056212192011635	2.124163911709783	H
239	1	49.056593698419064	2.124764339066789	H
240	1	49.057326105813125	2.125954403837652	H
241	1	49.05864382020449	2.128069790205579	H
242	1	49.05942085216311	2.129277032233856	H
243	1	49.05987167680845	2.129901510006047	H
244	1	49.06050375491109	2.130764207723082	H
245	1	49.06115389990573	2.131538271631698	H
246	1	49.0704623625224	2.17530420994616	H
247	1	49.07080082759049	2.176502735182653	H
248	1	49.07101587679374	2.177235675978151	H
249	1	49.07106466611033	2.177399767025015	H
250	1	49.07171609104439	2.179608192614744	H
251	1	49.07214711185659	2.181123406166229	H
252	1	49.072579912950765	2.18264000980854	H
253	1	49.073010893398845	2.184155276543216	H
254	1	49.07335148622435	2.185336860290723	H
255	1	49.07370657566895	2.186610126684593	H
256	1	49.07380505298945	2.186958872886291	H
257	1	49.07397665152115	2.187523670157187	H
258	1	49.0740768542006	2.187819031123659	H
259	1	49.07423662546613	2.188281209806101	H
260	1	49.07448937214295	2.189016876617136	H
261	1	49.074759449600975	2.189730670975324	H
262	1	49.075019898738745	2.190384129375513	H
263	1	49.075377966884105	2.191213958322948	H
264	1	49.07546272976239	2.191395765574381	H
265	1	49.075613290648825	2.191697840368354	H
266	1	49.07602634028442	2.1924577374481	H
267	1	49.076492003925445	2.193224298779143	H
268	1	49.07688475909304	2.193762501216803	H
269	1	49.076982045559305	2.193895001677773	H
270	1	49.07740804590119	2.194412585405918	H
271	1	49.07771329925128	2.194734770147043	H
272	1	49.07816617203577	2.195170155702176	H
273	1	49.07844434747828	2.19541302964176	H
274	1	49.07884311162327	2.195726746600739	H
275	1	49.07908972370137	2.195898530358641	H
276	1	49.07935881528537	2.196068883235101	H
277	1	49.079456903424756	2.196123362377816	H
278	1	49.07962158358483	2.196215983867894	H
279	1	49.07984385406119	2.196338559986879	H
280	1	49.08027036967589	2.196550909890395	H
281	1	49.08070408088975	2.196764612401425	H
282	1	49.082963499715426	2.197869890237941	H
283	1	49.083415193340954	2.198083565392199	H
284	1	49.084087712164894	2.198407526165799	H
285	1	49.08559234650107	2.199153171729724	H
286	1	49.086140688561656	2.199410836755905	H
287	1	49.08752784917926	2.200078802745265	H
288	1	49.08850085119645	2.200559892669533	H
289	1	49.08894265747406	2.200781858852642	H
290	1	49.0893070951686	2.200978026879316	H
291	1	48.917567175663955	2.350389537889768	H
292	1	48.91772961760976	2.350342314076203	H
293	1	48.91853147898143	2.350147572995856	H
294	1	48.91898356799123	2.350032161666562	H
295	1	48.919442799109696	2.349880647907257	H
296	1	48.91988775272653	2.349725516327031	H
297	1	48.92012699250277	2.34962876261022	H
298	1	48.9207015145874	2.349377376763388	H
299	1	48.92122023805587	2.349135603843973	H
300	1	48.92157715419236	2.348994880841532	H
301	1	48.9220601760612	2.348854186780369	H
302	1	48.92240132821071	2.348768465522529	H
303	1	48.92310495828539	2.348602377838885	H
304	1	48.92374083113521	2.348448037993499	H
305	1	48.92403258068688	2.348377223838912	H
306	1	48.925116027192644	2.348085590837942	H
307	1	48.92626277693252	2.347753317643256	H
308	1	48.92690554334666	2.347557632219622	H
309	1	48.92735109477371	2.347432100906438	H
310	1	48.927687083200546	2.347347187902731	H
311	1	48.928108285972115	2.347243819834142	H
312	1	48.928749829988554	2.347085068572846	H
313	1	48.92978092472817	2.346824778539624	H
314	1	48.93097514522412	2.346512776343114	H
315	1	48.93214258206883	2.346221077323989	H
316	1	48.933282020010225	2.345918274910239	H
317	1	48.93445554414068	2.345604378196291	H
318	1	48.95810052146346	2.328463877708284	H
319	1	48.95888313987665	2.32741591590871	H
320	1	48.9589022760536	2.327390056245584	H
321	1	48.95987163557922	2.326090157538489	H
322	1	49.147719504678726	2.277823190629398	H
323	1	49.146692915948385	2.274722501708344	H
324	1	49.14607591528466	2.272897367866637	H
325	1	49.14582009588985	2.272135537078627	H
326	1	49.145731820524176	2.271873832060084	H
327	1	49.14542014585582	2.270948962714028	H
328	1	49.14528660697936	2.270552769414137	H
329	1	48.99600682957346	2.368684562796334	H
330	1	48.996327563416536	2.368771154667153	H
331	1	48.99666778780036	2.368843693123019	H
332	1	48.99699374228259	2.368898142460406	H
333	1	48.99732446180702	2.368930901007874	H
334	1	48.99768135513063	2.368960059428527	H
335	1	48.99802160063994	2.368960279608916	H
336	1	48.99842133272256	2.368949687302651	H
337	1	48.99882345350279	2.368902936805866	H
338	1	48.99913278199359	2.368852510363171	H
339	1	48.999415941351586	2.368791217750417	H
340	1	48.99970861870761	2.368722696600605	H
341	1	49.00000130078888	2.368639712300396	H
342	1	49.00031302236969	2.368538656135477	H
343	1	49.00066757951195	2.368412313272612	H
344	1	49.0010602155818	2.368249828840886	H
345	1	49.010654770191344	2.36412890002287	H
346	1	49.01221101457879	2.363460589499867	H
347	1	49.01263219744348	2.363290809425421	H
348	1	49.01301768054639	2.363160796637513	H
349	1	49.013331770665275	2.363085002178378	H
350	1	49.01366965079786	2.363023687387352	H
351	1	49.01395041804765	2.362998514654563	H
352	1	49.014238320301516	2.362991432013492	H
353	1	49.014500045593074	2.362998804517702	H
354	1	49.0148045924114	2.363035138474289	H
355	1	49.0150710664625	2.363085922331879	H
356	1	49.01538987961002	2.363169289456207	H
357	1	49.01573009767583	2.363285226207473	H
358	1	49.01740738364942	2.363915566816413	H
359	1	49.018428027971304	2.364303204260612	H
360	1	49.018882443312506	2.364462631451012	H
361	1	49.019160806396236	2.364542373667896	H
362	1	49.01947486707203	2.364593197039238	H
363	1	49.01973896991313	2.364607814609136	H
364	1	49.020036389525565	2.364597129025021	H
365	1	49.020333816561504	2.364553882734649	H
366	1	49.020659804695754	2.36447809216613	H
367	1	49.02097866369965	2.364366119038977	H
368	1	49.021264215716265	2.364232419228614	H
369	1	49.02154025877481	2.364069770580539	H
370	1	49.02182344504374	2.363874564248707	H
371	1	49.022111403461935	2.363628708202079	H
372	1	49.02239699035715	2.363343050975764	H
373	1	49.022637369397785	2.363057366734686	H
374	1	49.02280159182831	2.362847615767337	H
375	1	49.02303960100564	2.362511274457446	H
376	1	49.02320637714158	2.362222981011115	H
377	1	48.97605425220996	2.338524070645141	H
378	1	48.984315961145434	2.353407245869684	H
379	1	49.24483689607519	2.44844835949287	H
380	1	49.24925124445801	2.452543389069864	H
381	1	49.25013042166546	2.453391585958384	H
382	1	49.25122936701575	2.454448239698427	H
383	1	49.25242911672991	2.455707360554385	H
384	1	49.253399698181006	2.456787261779247	H
385	1	49.255388954081006	2.459070231853643	H
386	1	49.25828675083728	2.462412329505236	H
387	1	49.26128434298652	2.465753767862864	H
388	1	49.26235969801216	2.467118891219892	H
389	1	49.262835404424244	2.467655511222155	H
390	1	49.26394414358555	2.468914115351038	H
391	1	49.079272053161276	2.350513636267807	H
392	1	49.07947023306179	2.35083083355881	H
393	1	49.07955993176991	2.350972687817406	H
394	1	49.07974553655932	2.351237252861799	H
395	1	49.07998290282498	2.351569982228981	H
396	1	49.08037590400226	2.352066795750535	H
397	1	49.08074702345956	2.352483453921169	H
398	1	49.08092782636765	2.352675485087074	H
399	1	49.081122906701204	2.352856655735549	H
400	1	49.0812704055246	2.352994346154071	H
401	1	49.0815348267301	2.353213259884615	H
402	1	49.08182615795175	2.353447458948778	H
403	1	49.08205185084802	2.353617293706934	H
404	1	49.08307136147194	2.354353296314638	H
405	1	49.0837171262435	2.354800737889736	H
406	1	49.08401655378419	2.354997994459554	H
407	1	49.084646874143004	2.35543770710302	H
408	1	49.08535051637671	2.355897274303016	H
409	1	49.085801421182474	2.356162410887203	H
410	1	49.08604919238438	2.3562987977645	H
411	1	49.086341823670885	2.356451058248571	H
412	1	49.08669298818557	2.356601171923419	H
413	1	49.087119811665666	2.356766533392022	H
414	1	49.08764086101025	2.356903679092715	H
415	1	49.08823472139378	2.357027815885794	H
416	1	49.08852023105022	2.35708009807407	H
417	1	49.09010338663561	2.357369847004412	H
418	1	49.09035368304233	2.357417772047567	H
419	1	49.092182375845496	2.357761988303361	H
420	1	49.09301320633362	2.357936245178144	H
421	1	49.093404346096506	2.358053798988859	H
422	1	49.09375979288235	2.358193077257261	H
423	1	49.09402958486709	2.35831927793891	H
424	1	49.094370172829166	2.358523808291113	H
425	1	49.09520728897217	2.359082886636688	H
426	1	49.096620343097506	2.360035669599188	H
427	1	49.09685992817372	2.360213415890133	H
428	1	49.097529594545286	2.360668734397019	H
429	1	49.09815336291434	2.361108191985409	H
430	1	49.098350343792525	2.361236557413978	H
431	1	49.09840026155663	2.361270555241057	H
432	1	49.045648738962825	2.101108482966613	H
433	1	49.045935266724946	2.099538274275683	H
434	1	49.04643086334407	2.096377570034754	H
435	1	49.046645761720754	2.095195067225968	H
436	1	48.98500470033862	2.257474157250311	H
437	1	48.985301798912225	2.256667529466798	H
438	1	48.98534936948649	2.256537648249651	H
439	1	48.985398738035464	2.256406397970248	H
440	1	48.98542925563911	2.256324367152076	H
441	1	48.98598395581272	2.25483957933873	H
442	1	48.9860171666868	2.254752076836708	H
443	1	48.98627566407205	2.254065722420399	H
444	1	48.9867917515835	2.252697094129654	H
445	1	48.98699548669325	2.252152919385233	H
446	1	48.98748372575945	2.250853987138238	H
447	1	48.98760757753712	2.25052446527544	H
448	1	48.987691043516634	2.250302957914854	H
449	1	48.9877780966364	2.250069147044348	H
450	1	48.98824477420441	2.248828968929537	H
451	1	48.988282473181535	2.248735984251072	H
452	1	48.988298624016295	2.248689496718009	H
453	1	48.98831567543512	2.248644373466953	H
454	1	48.98833990572148	2.248578741899453	H
455	1	48.98836234250694	2.24851994499116	H
456	1	48.98848977831919	2.248182205336203	H
457	1	48.98857952037446	2.247942915503345	H
458	1	48.98989777997383	2.244431417603643	H
459	1	48.98994174872598	2.244312450985003	H
460	1	48.98996956880509	2.244241341042742	H
461	1	48.98999648818954	2.24416886674683	H
462	1	48.990047640051195	2.244036222252495	H
463	1	48.990161597034025	2.243727181301107	H
464	1	48.990228820864345	2.243554620207486	H
465	1	48.99047741363764	2.242902227019157	H
466	1	48.99095460305092	2.24162140823175	H
467	1	48.99166921564434	2.239750755235367	H
468	1	48.99236001883278	2.237898175127222	H
469	1	48.99283004386424	2.23664981377814	H
470	1	48.993080367957496	2.235958195596444	H
471	1	48.99371347946534	2.234276393996538	H
472	1	49.16677503888786	2.362303528565357	H
473	1	49.16728754488165	2.362649382468536	H
474	1	49.1677577903996	2.362967793672143	H
475	1	49.16810485525756	2.363197003377784	H
476	1	49.16966974036218	2.364233101446111	H
477	1	49.17350970035866	2.366252497304594	H
478	1	49.17650154782407	2.366962787554437	H
479	1	49.18011765422846	2.366659412674851	H
480	1	49.18421316835782	2.366304389085757	H
481	1	49.187839077095276	2.365970309402456	H
482	1	49.19128586539301	2.365631669150639	H
483	1	49.1947511604162	2.365394007578657	H
484	1	49.19563308006068	2.365516399514586	H
485	1	49.19622329924469	2.365656194525902	H
486	1	49.19636523531362	2.365700582566688	H
487	1	49.19678170462286	2.365854044435663	H
488	1	49.19704493167264	2.365969022409738	H
489	1	49.19774964160115	2.366323655197962	H
490	1	49.19818947766744	2.36660946131186	H
491	1	49.198545988256775	2.366858811906628	H
492	1	49.198999501187494	2.367230954019522	H
493	1	49.199193142627635	2.367407341654372	H
494	1	49.199629938220525	2.367834477193972	H
495	1	49.199882643697165	2.368105293900627	H
496	1	49.20019639357629	2.368487811255425	H
497	1	49.20053690863394	2.368930556653327	H
498	1	49.2009824611943	2.369588269714807	H
499	1	49.20124737306598	2.370026181605553	H
500	1	49.201535359922566	2.370541666594336	H
501	1	49.201766336214284	2.37099441636175	H
502	1	49.2019612652663	2.371418776339358	H
503	1	49.20211992103019	2.371771496248517	H
504	1	49.20227503761326	2.372170394471318	H
505	1	49.20247431128739	2.372704277119277	H
506	1	49.20261056234068	2.373109176099871	H
507	1	49.20272772566484	2.373476825442012	H
508	1	49.20284142307222	2.373905068190807	H
509	1	49.20295700863228	2.374333289970674	H
510	1	49.20306122730999	2.374755884267586	H
511	1	49.20316397337764	2.375259233893116	H
512	1	49.20327095966864	2.375851917067977	H
513	1	49.20338835838777	2.376631897992355	H
514	1	49.20347844128452	2.377298552092145	H
515	1	49.06931413457833	2.141696932779958	H
516	1	49.06936555400452	2.141894722344571	H
517	1	49.069465581468805	2.142317331590504	H
518	1	49.06956324893609	2.142793529079225	H
519	1	49.06961344602514	2.143075005089423	H
520	1	49.06969179618683	2.143675552978419	H
521	1	49.069730109095524	2.143998414905504	H
522	1	49.06975474151574	2.144207728686708	H
523	1	49.069806236409306	2.144885032383994	H
524	1	49.06981807460677	2.145511848556825	H
525	1	49.06981466291103	2.146163359909774	H
526	1	49.06981040574241	2.14630708968674	H
527	1	49.06978315180061	2.146872422916509	H
528	1	49.06974034824635	2.147444743009804	H
529	1	49.069704789004525	2.147792148523682	H
530	1	49.069662354047416	2.148137598548268	H
531	1	49.069631295622756	2.148390924100857	H
532	1	49.06949876291498	2.14928107417728	H
533	1	49.069368695198385	2.150032973123	H
534	1	49.06911961366261	2.151707803017232	H
535	1	49.0686496628113	2.154747989715312	H
536	1	49.06853376777557	2.155550110997945	H
537	1	49.06845858382546	2.15615513489806	H
538	1	49.06838766705912	2.156832044747035	H
539	1	49.06830630844123	2.157672986566504	H
540	1	49.068248181695196	2.158496830972967	H
541	1	49.068176242919385	2.160242117918889	H
542	1	49.06817951225934	2.161788678659723	H
543	1	49.06822485352049	2.16322012508999	H
544	1	49.06826353292265	2.163822196822458	H
545	1	49.06834605624346	2.164878508432511	H
546	1	49.068417215192625	2.165557113681162	H
547	1	49.06856653865521	2.166795233059659	H
548	1	49.068761686892984	2.168016779613148	H
549	1	49.06901366017981	2.169364061728551	H
550	1	49.06932059649445	2.170796031537739	H
551	1	49.06961192643084	2.172018660404791	H
552	1	49.070000371128494	2.173597198513241	H
553	1	49.07045558978928	2.175280226542526	H
554	1	49.0704623625224	2.17530420994616	H
555	1	49.05804781084602	2.191244759191911	H
556	1	49.05745498696391	2.190861645779191	H
557	1	49.056919519930894	2.190548507695725	H
558	1	49.05667026497247	2.190426094756452	H
559	1	49.05632840575026	2.190320376514518	H
560	1	49.05599200457017	2.190263903331224	H
561	1	49.05590117604921	2.190262803121983	H
562	1	49.05570513522416	2.190263384294123	H
563	1	49.055411101415125	2.190286147146323	H
564	1	49.05514329889927	2.190352253199126	H
565	1	49.05480797111627	2.190476334369093	H
566	1	49.05452262740303	2.190614746975041	H
567	1	49.05428013001443	2.19076751081682	H
568	1	49.05401628725869	2.190974640742353	H
569	1	49.05377631082769	2.191239618929524	H
570	1	49.05351257522157	2.191575177113631	H
571	1	49.05333125506519	2.191838411525412	H
572	1	49.053233437816	2.192000148508365	H
573	1	49.051820930767526	2.194354839966381	H
574	1	49.051396100791735	2.194905705559385	H
575	1	49.05109544866755	2.195268133108681	H
576	1	49.05095622332944	2.195399875872446	H
577	1	49.05073076263218	2.19560848076081	H
578	1	49.050421690893764	2.195835107841014	H
579	1	49.050130544335204	2.196012428182079	H
580	1	49.049828578493354	2.196167887446513	H
581	1	49.04893467404345	2.196558872161904	H
582	1	49.04858591890241	2.196687457682791	H
583	1	49.048257407902405	2.196789361587769	H
584	1	49.047732330313245	2.196870196580013	H
585	1	49.04645010757834	2.196987368693518	H
586	1	49.045551838729516	2.197074722862676	H
587	1	49.04543025331719	2.197087678318263	H
588	1	48.99371347946534	2.234276393996538	H
589	1	48.9943803267149	2.232504861292808	H
590	1	48.99480966571042	2.231359427180695	H
591	1	48.995175211891166	2.230414903766394	H
592	1	48.995441015510785	2.22968392070879	H
593	1	48.996046217067	2.228059050132284	H
594	1	48.99640222453657	2.227121731667691	H
595	1	48.996663270187916	2.226412418710856	H
596	1	48.9977881588432	2.223423033436541	H
597	1	48.99804207965316	2.222749859535978	H
598	1	48.9986970272482	2.221005371270001	H
599	1	48.999194342159406	2.219673320446387	H
600	1	48.99945531691835	2.218975661356986	H
601	1	49.00006067501861	2.217379205528473	H
602	1	49.00065882025575	2.215785462942007	H
603	1	49.001256048210564	2.214195783782722	H
604	1	49.00162906821249	2.213191621323128	H
605	1	49.00271403598726	2.210299417120758	H
606	1	49.00320270013261	2.209001026064172	H
607	1	49.00329056522808	2.208764333090145	H
608	1	49.0033766414374	2.208537212324408	H
609	1	49.00355325571998	2.208052885370861	H
610	1	49.00427013313272	2.206133475048894	H
611	1	49.005195701191	2.203652642125176	H
612	1	49.00540727128137	2.203086170973281	H
613	1	49.0064283109247	2.200341329439513	H
614	1	49.00655471572978	2.200011547425611	H
615	1	49.00689817346757	2.199101295954951	H
616	1	49.007170902796304	2.198359101214039	H
617	1	49.00739456197527	2.197708619109245	H
618	1	49.007767718349584	2.196502901913035	H
619	1	49.01913673892181	2.154663485640923	H
620	1	49.01958148638065	2.153012708040501	H
621	1	49.019698596571395	2.1525802036884	H
622	1	49.01988361821037	2.15187945004989	H
623	1	49.0201750778153	2.150826891488007	H
624	1	49.02044707659785	2.14997812403157	H
625	1	49.02067169705267	2.149305915162764	H
626	1	49.020838177114605	2.148826714662678	H
627	1	49.02101633677396	2.148341998062404	H
628	1	49.021259890432056	2.14770525255431	H
629	1	49.02152142163857	2.147065696758275	H
630	1	49.02177047995825	2.146498651858204	H
631	1	49.022024059301906	2.14594799358884	H
632	1	49.022310824574426	2.145346607428395	H
633	1	49.02280825342505	2.144350588173181	H
634	1	49.02292652502832	2.144093057933043	H
635	1	49.023015281299166	2.143931358634076	H
636	1	49.02314790122819	2.14365052418586	H
637	1	49.02346250221321	2.143031225952273	H
638	1	49.02362291375591	2.142701050689537	H
639	1	49.023781525952856	2.142370881211854	H
640	1	49.024484159309	2.140962391049982	H
641	1	49.02507116502448	2.139784055706185	H
642	1	49.02514465122608	2.139636077743041	H
643	1	49.02539647268119	2.139127744838577	H
644	1	49.025859777794096	2.138190538823779	H
645	1	49.026116086363196	2.137680805934782	H
646	1	49.02629804802424	2.137340936435869	H
647	1	49.026359003482526	2.137228556776113	H
648	1	49.0264621191432	2.137055835991663	H
649	1	49.026732002166625	2.136598001860148	H
650	1	49.026918517369154	2.136292293463325	H
651	1	49.027151735951755	2.135953572336817	H
652	1	49.02716608804017	2.135933000988131	H
653	1	49.0274549435008	2.13552704267224	H
654	1	49.02758234843338	2.1353610539308	H
655	1	49.02762452284703	2.13530891614649	H
656	1	49.02774923515912	2.135145673271377	H
657	1	49.02808663873572	2.134734036963733	H
658	1	49.028443838391745	2.134330518977245	H
659	1	49.029505862689064	2.133111242287299	H
660	1	49.0300592024213	2.132522779267561	H
661	1	49.03057486469937	2.131989640429895	H
662	1	49.03091147886997	2.131621876457729	H
663	1	49.031256975300835	2.131232357216787	H
664	1	49.031703991328236	2.130733854692105	H
665	1	49.032277444832744	2.13009097662359	H
666	1	49.032904355484284	2.129407148815588	H
667	1	49.03321072246353	2.129093756160098	H
668	1	49.03398763535105	2.128263873923673	H
669	1	49.213790802618604	2.417033174921132	H
670	1	49.214244952788896	2.418183682717492	H
671	1	49.21511380840723	2.420382091812251	H
672	1	49.2156468140097	2.421733388512731	H
673	1	49.21604830059117	2.422618526559752	H
674	1	49.21636293609621	2.423250464186155	H
675	1	49.21684019614283	2.424065790030203	H
676	1	49.21727875256613	2.424747205065727	H
677	1	49.217676193459546	2.425287471006325	H
678	1	49.21798965556811	2.425676164812244	H
679	1	49.218312526545986	2.426042969886625	H
680	1	49.21861140360739	2.426366471423004	H
681	1	49.21921241131682	2.426948084172429	H
682	1	49.21987867163599	2.427496305026463	H
683	1	49.22109155077123	2.428326073316536	H
684	1	49.22238397222626	2.429198755553655	H
685	1	49.22507730257285	2.431016036858154	H
686	1	49.22669756257892	2.432105930918565	H
687	1	49.22722026117947	2.432481541082996	H
688	1	49.22855215456736	2.433458460389985	H
689	1	49.229696013271145	2.434412061678759	H
690	1	49.230988438933124	2.435600173175669	H
691	1	49.23306929553699	2.437535278671557	H
692	1	49.234720087980264	2.439068370695489	H
693	1	49.237816179769666	2.441948163971849	H
694	1	49.24184610421019	2.445668379898268	H
695	1	49.24483689607519	2.44844835949287	H
696	1	49.04516945935585	2.322917846227109	H
697	1	49.05036329132585	2.320958012205755	H
698	1	49.050698758889745	2.320831206037497	H
699	1	49.05101043640542	2.320718886612012	H
700	1	49.05126977319921	2.320646403158674	H
701	1	49.05151959658544	2.320602880734363	H
702	1	49.05185507823494	2.320562950823169	H
703	1	49.05218342255317	2.320544741683039	H
704	1	49.06084656169283	2.320451368667623	H
705	1	49.06196960358979	2.320429271828572	H
706	1	49.062657228632126	2.320418181969663	H
707	1	49.062997476899184	2.320439792809436	H
708	1	49.06344242000668	2.320493957369586	H
709	1	49.06372794850372	2.32056265988367	H
710	1	49.064039656858505	2.32067118654574	H
711	1	49.064320437853944	2.320808688650253	H
712	1	49.0645869453386	2.320971545263676	H
713	1	49.0648605969389	2.321170609771252	H
714	1	49.065167565249055	2.321427604820848	H
715	1	49.06540315046977	2.321662895628199	H
716	1	49.0656220816823	2.321909058051313	H
717	1	49.065831498810795	2.322184194740665	H
718	1	49.06600046288811	2.322437617990567	H
719	1	49.066100414703456	2.3225932944537	H
720	1	49.066267003356046	2.322879310694303	H
721	1	49.06628869677683	2.322920457193825	H
722	1	49.09840026155663	2.361270555241057	H
723	1	49.0995631491105	2.362062590776778	H
724	1	49.10067174787365	2.362824110582927	H
725	1	49.1009738759927	2.36302719039292	H
726	1	49.10159240249265	2.363458734315034	H
727	1	49.10186122345362	2.363643684749181	H
728	1	49.10254874572993	2.364086153341926	H
729	1	49.10281567030555	2.36423849673914	H
730	1	49.103115431069234	2.364384338418486	H
731	1	49.1034080592495	2.364504085955836	H
732	1	49.1036564436814	2.364578150812804	H
733	1	49.10391196952126	2.364637000765388	H
734	1	49.104146084881464	2.364676269162892	H
735	1	49.1043559351172	2.364704653762687	H
736	1	49.10457292812392	2.364713473413738	H
737	1	49.10503832899257	2.364694166146041	H
738	1	49.10530672708382	2.364650829736394	H
739	1	49.10555228978513	2.364585736554954	H
740	1	49.105902078306784	2.364470689629909	H
741	1	49.107558258459306	2.363760567705506	H
742	1	49.108082239814344	2.363534704893293	H
743	1	49.10959992717757	2.362861414029594	H
744	1	49.10996399378547	2.362733307733037	H
745	1	49.110206697092764	2.362676894709397	H
746	1	49.11043512282161	2.362633522758999	H
747	1	49.11063356434721	2.362609704593121	H
748	1	49.11093764345305	2.362601165096047	H
749	1	49.11116233039572	2.36263244696275	H
750	1	49.1113565661496	2.362662684569032	H
751	1	49.11154180734922	2.362702506731108	H
752	1	49.11171452823682	2.362743041910456	H
753	1	49.111937460803105	2.362817781896	H
754	1	49.112137979997755	2.362897338387295	H
755	1	49.112460780219166	2.363066002338962	H
756	1	49.112690061655805	2.36320859107214	H
757	1	49.112895061160295	2.363359387763146	H
758	1	49.11311803739646	2.363545811998252	H
759	1	49.113394951044384	2.363813090931221	H
760	1	49.113637689896386	2.364085833801011	H
761	1	49.11385614631484	2.364366785601949	H
762	1	49.11404852823069	2.364625805889735	H
763	1	49.11431102465085	2.364998572180839	H
764	1	49.11453665973088	2.365331593911791	H
765	1	49.11485129850737	2.365757824856042	H
766	1	49.11535471098967	2.366466382942405	H
767	1	49.11654130870609	2.368132993855112	H
768	1	49.116627881584776	2.368253547610189	H
769	1	49.11902264538447	2.399724852518911	H
770	1	49.119024825906294	2.40008734999755	H
771	1	49.11901508132705	2.400500579906066	H
772	1	49.118993460643274	2.400873920669871	H
773	1	49.11893606302187	2.401399461678388	H
774	1	49.118888257092244	2.401790892200709	H
775	1	49.11883333204661	2.402146062795226	H
776	1	49.11874980420502	2.40258819233905	H
777	1	49.11866154073457	2.402986816247692	H
778	1	49.11856137479275	2.403394980924829	H
779	1	49.118446946027554	2.403776755699988	H
780	1	49.11797964306449	2.405400062315581	H
781	1	49.117342136048556	2.407632141340071	H
782	1	49.11687801629646	2.409232999447282	H
783	1	49.116763555677	2.409634239450426	H
784	1	49.116188879724966	2.411650242876779	H
785	1	49.116002870328316	2.412298786824015	H
786	1	49.11585259387338	2.412874885408582	H
787	1	49.11575951653203	2.413302456566346	H
788	1	49.115689879090716	2.4137055537204	H
789	1	49.115652732273006	2.414119223945466	H
790	1	49.11563266635826	2.414538400083871	H
791	1	49.11564045987061	2.414982279602019	H
792	1	49.11566269067141	2.4153508336342	H
793	1	49.11570824620966	2.415800253071774	H
794	1	49.11578134186759	2.416213128094022	H
795	1	49.115876210690686	2.416651869174906	H
796	1	49.115975888513844	2.417018127179638	H
797	1	49.11609697582308	2.417388044219841	H
798	1	49.11622758914512	2.417743480455973	H
799	1	49.11646745432825	2.418378205353223	H
800	1	49.11713213054988	2.420107032801723	H
801	1	49.136000563670855	2.242677776778168	H
802	1	49.13557038160246	2.241404282416625	H
803	1	49.13538647061148	2.240852323823804	H
804	1	49.1350700299017	2.239903183445893	H
805	1	49.135013232821144	2.239733353511173	H
806	1	49.13476079362627	2.238975968880641	H
807	1	49.13385738472325	2.23626698026539	H
808	1	49.13378615554858	2.236053332870124	H
809	1	49.133403859502664	2.234913897603342	H
810	1	49.1328628522749	2.233299268950995	H
811	1	49.13251839418489	2.232265317849512	H
812	1	49.13189889248111	2.230411092950835	H
813	1	49.13107917346851	2.227976310400957	H
814	1	49.13013223842085	2.225163674043915	H
815	1	49.12987879814091	2.224399589170243	H
816	1	49.129602797590316	2.223561565325183	H
817	1	49.129311529530796	2.222749622606445	H
818	1	49.129003246247365	2.222014466740056	H
819	1	49.128744597136425	2.22145734679115	H
820	1	49.12788668079425	2.219669739220031	H
821	1	49.12733872724714	2.218502185456426	H
822	1	49.12660152392988	2.216959664985113	H
823	1	49.126416768196464	2.21657232880148	H
824	1	49.12606711053669	2.215867501979152	H
825	1	49.125968905268905	2.215692350594533	H
826	1	49.125669780108964	2.215155950925862	H
827	1	49.12536981606386	2.21467847964165	H
828	1	49.12525363256413	2.214511599403723	H
829	1	49.1250807024772	2.214258536460963	H
830	1	49.124787143400575	2.213887936254705	H
831	1	49.12457282839538	2.213618539565318	H
832	1	49.12408032579274	2.213059357801465	H
833	1	49.123471812647644	2.212499109566168	H
834	1	49.123241403134145	2.212317456009334	H
835	1	49.122822882977985	2.211986931907959	H
836	1	49.12212366565627	2.211543402886758	H
837	1	49.12154062953303	2.211261266494421	H
838	1	49.121446155016514	2.211214921604879	H
839	1	49.12114608458599	2.211086443078508	H
840	1	49.12083980225441	2.210991765668457	H
841	1	49.120333400792994	2.210890299210121	H
842	1	49.11956708635515	2.210767574732577	H
843	1	49.11856695191345	2.210635861786001	H
844	1	49.11749218228519	2.210508455064669	H
845	1	49.116423689102426	2.210364598647381	H
846	1	49.11560611890839	2.210244763764671	H
847	1	49.11499084353843	2.210087426728597	H
848	1	49.11478396916487	2.210019869292197	H
849	1	49.16677503888786	2.362303528565357	H
850	1	49.16643696454539	2.362074335113662	H
851	1	49.16507027642735	2.361145248304282	H
852	1	49.16417832368099	2.360559262285351	H
853	1	49.163985907809426	2.36042615428348	H
854	1	49.16306158797998	2.35979218454468	H
855	1	49.16219573077907	2.359085588562511	H
856	1	49.16172100304209	2.358634238179042	H
857	1	49.161198634395326	2.358060837577972	H
858	1	49.16078595969512	2.357571138925571	H
859	1	49.16061153832465	2.357364013773478	H
860	1	49.160149425750596	2.356726217456315	H
861	1	49.15992197056465	2.356373729826281	H
862	1	49.159722384589195	2.356066507421358	H
863	1	49.159355583247304	2.35545482259265	H
864	1	49.159075995746015	2.354918592556862	H
865	1	49.15873886956775	2.354271284751071	H
866	1	49.15848356148674	2.353700796897448	H
867	1	49.15843052385949	2.353569148969973	H
868	1	49.1581644309781	2.352925995959269	H
869	1	49.158097908243064	2.352762808685056	H
870	1	49.15770597396676	2.35165207152717	H
871	1	49.157489339368894	2.350937654292909	H
872	1	49.157467767054705	2.350855380406839	H
873	1	49.157352711221165	2.350427560239148	H
874	1	49.15730237473514	2.350238332465005	H
875	1	49.15711721189999	2.349462234237527	H
876	1	49.15696531172438	2.34874236608105	H
877	1	49.156844874392334	2.348089693506714	H
878	1	49.156790058399814	2.347679721029882	H
879	1	49.156639980721366	2.346540308926389	H
880	1	49.15659235994793	2.346041220522346	H
881	1	49.156434239154926	2.343873498391758	H
882	1	49.15641087861607	2.343522496725692	H
883	1	49.156157436585964	2.339776666408477	H
884	1	49.156091809881616	2.338804565435459	H
885	1	49.156003695302005	2.337495183825846	H
886	1	49.15593804856201	2.336527202450748	H
887	1	49.15590657160295	2.336077490970534	H
888	1	49.155568308952645	2.33128287848824	H
889	1	49.15552601337717	2.330709777837646	H
890	1	49.1552361386638	2.326469136718663	H
891	1	49.15518985807007	2.325754000363327	H
892	1	49.15516138720328	2.325307868796063	H
893	1	49.15514482523872	2.325101171958835	H
894	1	49.1551273595977	2.324827510226672	H
895	1	49.068530234291394	2.327669570460789	H
896	1	49.068727747432725	2.328038899836223	H
897	1	49.068925257569006	2.328379264756656	H
898	1	49.0691180056051	2.328676176403118	H
899	1	49.069344064085655	2.328983949716982	H
900	1	49.069508250622974	2.329179472928231	H
901	1	49.06966767849719	2.329360515503158	H
902	1	49.069867555153024	2.329570522942775	H
903	1	49.07010312352092	2.329791390118977	H
904	1	49.07040531472719	2.330052085913147	H
905	1	49.071992399412466	2.331366468790296	H
906	1	49.07227555103381	2.331598215740877	H
907	1	49.07257059767174	2.331797367797573	H
908	1	49.072883501603904	2.331974874701607	H
909	1	49.07312499356401	2.332072550278712	H
910	1	49.07337244743825	2.332152201816522	H
911	1	49.07362703856168	2.332210122745444	H
912	1	49.07392445660174	2.332253554719168	H
913	1	49.0742742187804	2.332268008349061	H
914	1	49.07455259992983	2.332249873440239	H
915	1	49.074873808064055	2.332199141035724	H
916	1	49.07520691064556	2.332104944450692	H
917	1	49.075473391157004	2.332003508792088	H
918	1	49.075706560785385	2.331891212154573	H
919	1	49.07596827962232	2.331731827631216	H
920	1	49.07617051696839	2.331586934681513	H
921	1	49.07641081994344	2.331402195507324	H
922	1	49.076653500918724	2.331173993251632	H
923	1	49.07686049190005	2.330956659677541	H
924	1	49.07707223786571	2.330703102629792	H
925	1	49.077298258703266	2.33040245962997	H
926	1	49.07753141130409	2.330032994790309	H
927	1	49.077721736136546	2.329685266863023	H
928	1	49.077902541083986	2.329304938153184	H
929	1	49.07808096427968	2.328913740944432	H
930	1	49.078663795745	2.327544539625986	H
931	1	49.07890881913605	2.326972218059813	H
932	1	49.07911578167758	2.326526667687847	H
933	1	49.07930847391466	2.326157181911759	H
934	1	49.07953923113896	2.325769572659676	H
935	1	49.07976761481233	2.325439914253079	H
936	1	49.08005547807914	2.325092128031763	H
937	1	49.08035286402604	2.324795044868954	H
938	1	49.08062646103632	2.324555917373286	H
939	1	49.08088340859254	2.324367503040596	H
940	1	49.081137979456514	2.324208063182895	H
941	1	49.08138065728538	2.324084847082167	H
942	1	49.0816875765374	2.323961613812705	H
943	1	49.08200639682589	2.32387097522335	H
944	1	49.08230618552252	2.323809316133888	H
945	1	49.08262263257065	2.323773011066654	H
946	1	49.082896255375104	2.323776560397654	H
947	1	49.083167502789316	2.323809089985612	H
948	1	49.08341495947014	2.323859736651423	H
949	1	49.08379328584437	2.323968307335626	H
950	1	49.08488305642393	2.324304910881322	H
951	1	49.08518999833651	2.324384526902925	H
952	1	49.085466005884946	2.324438794128031	H
953	1	49.08569918243553	2.324456849662572	H
954	1	49.085994218849	2.324449529474076	H
955	1	49.08631066699541	2.324420468931486	H
956	1	49.086591420447625	2.324358816301413	H
957	1	49.0868983433811	2.324260928579595	H
958	1	49.08717433250205	2.324141313024478	H
959	1	49.08747648884729	2.323978216497335	H
960	1	49.087745333518235	2.323797014644475	H
961	1	49.08807364956654	2.323532472532622	H
962	1	49.088328208321485	2.323286061206933	H
963	1	49.08857086875347	2.323017914702043	H
964	1	49.088853964105276	2.322659186377886	H
965	1	49.08908947224134	2.322300466766626	H
966	1	49.08930832011938	2.321909144200668	H
967	1	49.089486720973184	2.321543189002131	H
968	1	49.089667494688186	2.321130136024855	H
969	1	49.08991723501732	2.320496066400167	H
970	1	49.090140805885056	2.319909095900716	H
971	1	49.090316810457416	2.319470672121568	H
972	1	49.090509471986266	2.319053977121199	H
973	1	49.09070451839177	2.318680751811855	H
974	1	49.090925736827025	2.318314760308707	H
975	1	49.091154099928026	2.317992236460334	H
976	1	49.091411014533506	2.317676946315406	H
977	1	49.091696483810274	2.317383377388298	H
978	1	49.09197006503892	2.317136908957664	H
979	1	49.092300749840845	2.316897659499486	H
980	1	49.09260765029368	2.316705517562842	H
981	1	49.09317863342443	2.316393703437106	H
982	1	49.093961351360136	2.315944115231109	H
983	1	49.094253973878395	2.315755587894449	H
984	1	49.094432398461436	2.315617833207036	H
985	1	49.094796374412866	2.315291592622151	H
986	1	49.09507707778331	2.314990745456496	H
987	1	49.09536966231126	2.314613802878118	H
988	1	49.095688398680046	2.314135393244986	H
989	1	49.095897702835295	2.313754856675624	H
990	1	49.09609985460976	2.31330910213533	H
991	1	49.096287721428446	2.312827117190319	H
992	1	49.09642324709347	2.312374142862541	H
993	1	49.096544496175255	2.311924795135437	H
994	1	49.096658594511254	2.311431969449967	H
995	1	49.09681069842082	2.310663748524727	H
996	1	49.096917645844826	2.310134687678267	H
997	1	49.097041244852285	2.309601992084955	H
998	1	49.097174369636534	2.309112768342545	H
999	1	49.097331291268596	2.308648892987908	H
1000	1	49.09749536252498	2.308235735716148	H
1001	1	49.09769512010498	2.307815309184519	H
1002	1	49.09791391895496	2.307423853696543	H
1003	1	49.09815175536804	2.307054125715642	H
1004	1	49.09835630817902	2.306785867107672	H
1005	1	49.09856800047207	2.306532099380311	H
1006	1	49.09878683634216	2.306300063428488	H
1007	1	49.09907704511807	2.306038993923108	H
1008	1	49.099952433766475	2.305291999580415	H
1009	1	49.100190307932415	2.305081680377242	H
1010	1	49.100482886703986	2.304798854149685	H
1011	1	49.10078734518661	2.304458037442235	H
1012	1	49.101068001099	2.304091867467211	H
1013	1	49.10131295703259	2.303693105388029	H
1014	1	49.10155313689957	2.303239987405853	H
1015	1	49.101781403006896	2.302736141883567	H
1016	1	49.10197872071876	2.302181580935156	H
1017	1	49.10217126329586	2.301583534711547	H
1018	1	49.10232099478945	2.301047118536594	H
1019	1	49.10249212752131	2.300481694127369	H
1020	1	49.102658524175254	2.299992367569859	H
1021	1	49.10284634121756	2.299528387918171	H
1022	1	49.10310075615718	2.298999124016956	H
1023	1	49.10339084392037	2.298426343445829	H
1024	1	49.103723733867575	2.297788292845122	H
1025	1	49.10399478919848	2.297237256779659	H
1026	1	49.104180226199716	2.296805869213364	H
1027	1	49.1043181034098	2.296450619117983	H
1028	1	49.10446070903003	2.296015637627257	H
1029	1	49.10458902760799	2.295551675648676	H
1030	1	49.10468403349901	2.29509136199417	H
1031	1	49.10476950668344	2.294591193483939	H
1032	1	49.10485730260553	2.293946063870055	H
1033	1	49.10503764231947	2.292655796160775	H
1034	1	49.105132602862675	2.29210487482149	H
1035	1	49.105265621811796	2.291535796595177	H
1036	1	49.10542006537376	2.29099931184523	H
1037	1	49.10561619793108	2.29046751074561	H
1038	1	49.10577897684877	2.290089364589656	H
1039	1	49.10604050369584	2.28960350243145	H
1040	1	49.10627827208031	2.289204635662977	H
1041	1	49.10652558420741	2.28887461105024	H
1042	1	49.10673961382564	2.28860984965019	H
1043	1	49.10701549457852	2.288323277790876	H
1044	1	49.10733182575665	2.288043913947889	H
1045	1	49.10768623752462	2.287789876320267	H
1046	1	49.10800499012547	2.287608354024447	H
1047	1	49.10835706199826	2.287448539171529	H
1048	1	49.10868298502577	2.28734311246677	H
1049	1	49.1090208220192	2.287281163547714	H
1050	1	49.10933726275081	2.28725910135174	H
1051	1	49.10966798917168	2.287258769653331	H
1052	1	49.110020147094545	2.287298282229797	H
1053	1	49.112278279814085	2.287651213665813	H
1054	1	49.113487052655216	2.28782761206601	H
1055	1	49.11406195062203	2.287915343526005	H
1056	1	49.06115389990573	2.131538271631698	H
1057	1	49.06189671529286	2.132278407878558	H
1058	1	49.06227800072882	2.132609946293322	H
1059	1	49.06245431513459	2.132746809746462	H
1060	1	49.06263776065679	2.132880023166548	H
1061	1	49.06287603398252	2.133070945750251	H
1062	1	49.06368138304524	2.133708530825932	H
1063	1	49.06398635854633	2.133946259884829	H
1064	1	49.064205557402374	2.134115546099559	H
1065	1	49.064610598462984	2.134428911716053	H
1066	1	49.065018113902745	2.13479658586036	H
1067	1	49.0653506127937	2.1350978641201	H
1068	1	49.06568538799745	2.13539857733161	H
1069	1	49.066100171829426	2.135842281765689	H
1070	1	49.06663187582746	2.136477439580163	H
1071	1	49.0667797227487	2.136665138389195	H
1072	1	49.066987197284284	2.136935885407915	H
1073	1	49.06714219973948	2.13713442397544	H
1074	1	49.067251907182246	2.137282447389923	H
1075	1	49.067414079483875	2.137499064429621	H
1076	1	49.06762158920197	2.13779154393316	H
1077	1	49.06786490836876	2.138152685966862	H
1078	1	49.06810354828709	2.13856092738341	H
1079	1	49.06833511255915	2.139005410894167	H
1080	1	49.0685667735158	2.139507839109402	H
1081	1	49.06882725699766	2.140169494514747	H
1082	1	49.06905112716527	2.140798364833166	H
1083	1	49.06925822682775	2.141481883794476	H
1084	1	49.06931413457833	2.141696932779958	H
1085	1	49.0893070951686	2.200978026879316	H
1086	1	49.08883668517191	2.200858886040124	H
1087	1	49.088521571643504	2.200817247554296	H
1088	1	49.08817832207821	2.200820929914095	H
1089	1	49.08786990978788	2.200853268621623	H
1090	1	49.08760380743096	2.200922459442305	H
1091	1	49.08738446938142	2.200994258518992	H
1092	1	49.08713369662393	2.201099004649961	H
1093	1	49.08700068336687	2.201166459457293	H
1094	1	49.086765221866116	2.201291697610338	H
1095	1	49.086394112538336	2.201537793117673	H
1096	1	49.086231504621104	2.201673782621026	H
1097	1	49.08601050062364	2.201857852021465	H
1098	1	49.08577426621447	2.202091248430845	H
1099	1	49.085424934803186	2.20250567587162	H
1100	1	49.08522292862112	2.202788262577687	H
1101	1	49.084972514604054	2.203202412396381	H
1102	1	49.08468807781572	2.203746714512315	H
1103	1	49.08461899888011	2.203889287125589	H
1104	1	49.08446289132992	2.204205967789652	H
1105	1	49.084200922140944	2.204741984239536	H
1106	1	49.084027765766095	2.20509293213278	H
1107	1	49.083687643352654	2.205705814622024	H
1108	1	49.083561076525044	2.205907404134456	H
1109	1	49.08336532543702	2.206162568612107	H
1110	1	49.083202777638185	2.206356035657136	H
1111	1	49.08298359747467	2.206570185460174	H
1112	1	49.08273295467445	2.20679400128443	H
1113	1	49.08244811203725	2.206994628678088	H
1114	1	49.08210929739775	2.2071817069896	H
1115	1	49.08175603135968	2.207312689761099	H
1116	1	49.0814080910096	2.207382050865224	H
1117	1	49.081043012196254	2.207404910227873	H
1118	1	49.08071654282933	2.207375646480393	H
1119	1	49.08043951698909	2.207331194501544	H
1120	1	49.08012643441625	2.207211544546549	H
1121	1	49.079833998167636	2.207058986093821	H
1122	1	49.07941553231442	2.206790397969286	H
1123	1	49.07896099832436	2.206437036530972	H
1124	1	49.07834263556249	2.20594311432761	H
1125	1	49.077699041897986	2.205446725524735	H
1126	1	48.99609884165444	2.259655619057619	H
1127	1	48.99575091806644	2.25993603850402	H
1128	1	48.99497347158373	2.260575460322759	H
1129	1	48.99338618248752	2.261835158362254	H
1130	1	48.992981708024594	2.262140515774405	H
1131	1	48.992537646171314	2.262417229385822	H
1132	1	48.99231200907587	2.262541924089943	H
1133	1	48.992029732082266	2.262689934468369	H
1134	1	48.99152698051063	2.262884447316756	H
1135	1	48.99075665596958	2.263150986764796	H
1136	1	48.990313582981926	2.263285353999832	H
1137	1	49.02320637714158	2.362222981011115	H
1138	1	49.02329904855618	2.362062785664123	H
1139	1	49.027526195662524	2.354325519588647	H
1140	1	49.02890180946119	2.35180402234732	H
1141	1	49.029289734618175	2.351080465120606	H
1142	1	49.029620539555275	2.350447341166052	H
1143	1	49.02984901078679	2.349973391976561	H
1144	1	49.03007272742114	2.349452396514655	H
1145	1	49.03026312643026	2.348963955802607	H
1146	1	49.03046305034606	2.348392289277998	H
1147	1	49.03062727575584	2.347867649231807	H
1148	1	49.030767705368376	2.347357476394043	H
1149	1	49.03088671325518	2.346894336240289	H
1150	1	49.03100810817639	2.346333493604798	H
1151	1	49.03113426064635	2.345736464135617	H
1152	1	49.03157458253234	2.343619700272693	H
1153	1	49.03282869156594	2.337526101484952	H
1154	1	49.0329720458511	2.336829689836827	H
1155	1	49.068530234291394	2.327669570460789	H
1156	1	49.068980938537756	2.328714085613412	H
1157	1	49.07034789499526	2.331555889767361	H
1158	1	49.07108456907652	2.333152513976816	H
1159	1	49.07143057697778	2.333887987614685	H
1160	1	49.07208967973184	2.335303955010883	H
1161	1	49.07337214570485	2.338052702632552	H
1162	1	49.07459268613591	2.340682072555365	H
1163	1	49.07580127158014	2.343282596530885	H
1164	1	49.07596029443102	2.343619818528195	H
1165	1	49.076599590643944	2.344972356117883	H
1166	1	49.078365434096554	2.348765940056677	H
1167	1	49.07854884451899	2.349157498836323	H
1168	1	49.07881227175083	2.34971335369105	H
1169	1	49.079050854052774	2.350143102493799	H
1170	1	49.079272053161276	2.350513636267807	H
1171	1	49.11478396916487	2.210019869292197	H
1172	1	49.11443309306666	2.209905287355804	H
1173	1	49.11373129171809	2.209571462191194	H
1174	1	49.11258850511631	2.208931932224397	H
1175	1	49.11219172910518	2.208754877303718	H
1176	1	49.112050472322736	2.208690859330902	H
1177	1	49.11147291892717	2.20849372942117	H
1178	1	49.11080189886007	2.208347530096024	H
1179	1	49.11040705766677	2.20829376362407	H
1180	1	49.10984586458486	2.208251389250461	H
1181	1	49.10976942629709	2.208251588433557	H
1182	1	49.109691186981	2.208249052626378	H
1183	1	49.108830527587024	2.208199239455729	H
1184	1	49.10851936093544	2.208182242078469	H
1185	1	49.10739263345414	2.208098938314572	H
1186	1	49.106288562901256	2.208043830023013	H
1187	1	49.10512499303656	2.207974382447253	H
1188	1	49.10454678082516	2.207943275419631	H
1189	1	49.104256462990946	2.207907792382326	H
1190	1	49.103406837003824	2.207725193781185	H
1191	1	49.10296412397806	2.207585024884563	H
1192	1	49.102573427406874	2.20743210953579	H
1193	1	49.101745288893234	2.207037411877319	H
1194	1	49.100741504990275	2.206545329911213	H
1195	1	49.099816947406154	2.206082236900937	H
1196	1	49.09898847201915	2.20567135075664	H
1197	1	49.098105262363525	2.205253377454526	H
1198	1	49.097174410575256	2.204788443360865	H
1199	1	49.096584557518305	2.204526779703096	H
1200	1	49.09614905554652	2.204306099611186	H
1201	1	49.09494612583218	2.203721931498399	H
1202	1	49.09433189921045	2.20341199452994	H
1203	1	49.09378670608103	2.203130863229058	H
1204	1	49.09275146868101	2.202641884285912	H
1205	1	49.092360967454226	2.202456717071125	H
1206	1	49.09212971745503	2.2023395836078	H
1207	1	49.09107345127054	2.201823484236059	H
1208	1	49.035311307600814	2.21024652105706	H
1209	1	49.03428772017391	2.211234958996771	H
1210	1	49.03358255346809	2.211934269416814	H
1211	1	49.03346127825938	2.212050828308599	H
1212	1	49.033178315586476	2.212334650991095	H
1213	1	49.032257522707106	2.213225941394156	H
1214	1	49.031926926232174	2.213538589551505	H
1215	1	49.03145978251418	2.213985600077804	H
1216	1	49.031319638347334	2.214118607509665	H
1217	1	49.031135493991904	2.214311899127951	H
1218	1	49.03073483274252	2.214701291296587	H
1219	1	49.030227270957894	2.215198981152886	H
1220	1	49.02897315951108	2.216408251732713	H
1221	1	49.02782506651105	2.217537890315236	H
1222	1	49.02748457801413	2.217861445474715	H
1223	1	49.02723125619487	2.218125983816122	H
1224	1	49.026971678995956	2.218428825015656	H
1225	1	49.02670137274627	2.218793227077343	H
1226	1	49.02645985950606	2.219173966359555	H
1227	1	49.02624171696942	2.219546440380734	H
1228	1	49.02597339993802	2.220100905316275	H
1229	1	49.02515686385341	2.221887363440193	H
1230	1	49.0249607929935	2.22232269268405	H
1231	1	49.1551273595977	2.324827510226672	H
1232	1	49.155101947296686	2.32446879887106	H
1233	1	49.15485600697372	2.320926077161986	H
1234	1	49.154749667988916	2.319390543853856	H
1235	1	49.154665845553026	2.318184057870791	H
1236	1	49.15443323655284	2.314833337706902	H
1237	1	49.15432862032459	2.313322508232997	H
1238	1	49.15405887318153	2.30943852590209	H
1239	1	49.153947875009095	2.307861912866378	H
1240	1	49.15372131013969	2.304689518045863	H
1241	1	49.15365178864376	2.303714773273508	H
1242	1	49.1535822116161	2.302583735815965	H
1243	1	49.1534846660042	2.301192231585941	H
1244	1	49.15344582198571	2.300635629770555	H
1245	1	49.15325156940845	2.297855381477818	H
1246	1	49.153122324955035	2.295988185549178	H
1247	1	49.15307807565451	2.295469985152017	H
1248	1	49.152999598311396	2.294806489987808	H
1249	1	49.15296712305688	2.294529577144989	H
1250	1	49.152799499970264	2.293564544953707	H
1251	1	49.15264726146254	2.292875072096585	H
1252	1	49.152502251833305	2.292282938359708	H
1253	1	49.15241940269456	2.291985510443952	H
1254	1	49.15236807398788	2.291804588700457	H
1255	1	49.152162782450425	2.29114945175872	H
1256	1	49.151884572524274	2.290313421592659	H
1257	1	49.151426279926106	2.28893878926767	H
1258	1	49.15099227967782	2.287629964701909	H
1259	1	49.15035204439116	2.28567292727528	H
1260	1	49.149645226735096	2.283707787583001	H
1261	1	49.14936428678159	2.28291845506287	H
1262	1	49.14912837074797	2.282267541783285	H
1263	1	49.14896715562858	2.281752268322334	H
1264	1	48.95987163557922	2.326090157538489	H
1265	1	48.960264476425905	2.325514520974648	H
1266	1	48.96113228388235	2.324223720051144	H
1267	1	48.96131660420278	2.32393960916588	H
1268	1	48.961473951030015	2.323703300567215	H
1269	1	48.962462083659666	2.322263560000611	H
1270	1	48.96444818122955	2.319349758639264	H
1271	1	48.96544614359569	2.317871598635294	H
1272	1	48.965986475198434	2.317073748346803	H
1273	1	48.966326543921575	2.3165820711557	H
1274	1	48.972749118838706	2.307137032071533	H
1275	1	48.97291319911864	2.306894158072118	H
1276	1	48.9732143402111	2.306451383665558	H
1277	1	48.97397482470587	2.305326661217575	H
1278	1	48.974680454901	2.304248387110238	H
1279	1	48.97525391230149	2.303272628965902	H
1280	1	48.97595317864767	2.302027637899257	H
1281	1	48.9764447900281	2.30107647610827	H
1282	1	48.976755724082395	2.300390459437298	H
1283	1	48.9771123443507	2.299588440994142	H
1284	1	48.97745327347738	2.29877273257537	H
1285	1	48.97779446977519	2.297903298149639	H
1286	1	48.97807927957	2.297140757257673	H
1287	1	48.97847734675743	2.296019737740487	H
1288	1	48.978714065069106	2.295284316545155	H
1289	1	48.978962168547895	2.29446429243953	H
1290	1	48.97921735500877	2.293514126699586	H
1291	1	48.97937536240361	2.292830739502113	H
1292	1	48.97951661736317	2.292168702598675	H
1293	1	48.990313582981926	2.263285353999832	H
1294	1	48.9885008065421	2.263828000159768	H
1295	1	48.98598060815481	2.264569558116951	H
1296	1	48.98468948073102	2.264938987091222	H
1297	1	48.98398907842117	2.265151782845797	H
1298	1	48.98380746634125	2.265217628725083	H
1299	1	48.98363125926465	2.265299862717603	H
1300	1	48.983472142474916	2.265387535529786	H
1301	1	48.98327167818763	2.265506693029483	H
1302	1	48.98310359653902	2.265639465883045	H
1303	1	48.98291484703016	2.265798227785892	H
1304	1	48.98273149938864	2.265967910562413	H
1305	1	48.98250593569436	2.266218262553732	H
1306	1	48.98233701409497	2.266449404173174	H
1307	1	48.982119594237155	2.266783082822401	H
1308	1	48.98187527022033	2.267241126077733	H
1309	1	48.98169744575407	2.267625294850131	H
1310	1	48.98134096326663	2.268508390037164	H
1311	1	48.98120179052592	2.268870637837192	H
1312	1	48.98108956720446	2.269185026292536	H
1313	1	48.98091190234532	2.269851993930268	H
1314	1	49.02177395532403	2.229376488386948	H
1315	1	49.02159168652256	2.229782565441071	H
1316	1	49.02131528957033	2.230405307962165	H
1317	1	49.02108553663514	2.230903515680449	H
1318	1	49.02062154248083	2.231916333809215	H
1319	1	49.02008688499265	2.233104294101219	H
1320	1	49.01923404505334	2.235002521418408	H
1321	1	49.01898812278713	2.235543105019262	H
1322	1	49.01835536199352	2.236943116450256	H
1323	1	49.018009800233514	2.237702643080775	H
1324	1	49.0173488600424	2.239198282595041	H
1325	1	49.0170602439655	2.239857151502305	H
1326	1	49.016811286694114	2.24039850736022	H
1327	1	49.01656511934484	2.24090364390225	H
1328	1	49.01622435787916	2.241496124230893	H
1329	1	49.015963027723494	2.241928664590731	H
1330	1	49.015680105530734	2.242351669540539	H
1331	1	49.015319150956344	2.242838660564836	H
1332	1	49.015319150956344	2.242838660564836	H
1333	1	49.01453029182886	2.243891923138443	H
1334	1	49.014218593570554	2.244324528878944	H
1335	1	49.0135789626986	2.245137802949952	H
1336	1	49.01333372128379	2.245465000925462	H
1337	1	49.01291144826169	2.245951107650513	H
1338	1	49.01255474840029	2.246345489125487	H
1339	1	49.012188118964154	2.246694770052406	H
1340	1	49.012051522125354	2.246812588856645	H
1341	1	49.011857407542514	2.246976992433265	H
1342	1	49.01129302448271	2.24744008697272	H
1343	1	49.01082119943649	2.247818247749802	H
1344	1	49.010524983564316	2.248055304932615	H
1345	1	49.01026579500589	2.248261937282806	H
1346	1	49.00955005354037	2.248831076252791	H
1347	1	49.009221912608524	2.249102926643525	H
1348	1	49.00891992007225	2.249342175503082	H
1349	1	49.00777137752797	2.250233936549223	H
1350	1	49.006946262251205	2.250918944239741	H
1351	1	49.00632562923041	2.251419125522457	H
1352	1	49.004523164822885	2.2528724742429	H
1353	1	49.00325118061511	2.253923911874838	H
1354	1	49.001396139070835	2.255407261307395	H
1355	1	49.00096383285843	2.255753769687276	H
1356	1	48.99987631945868	2.256620708454428	H
1357	1	48.9992921140994	2.257083614594807	H
1358	1	48.99801045929007	2.258113442257416	H
1359	1	48.996880692922815	2.259025444872625	H
1360	1	48.99609884165444	2.259655619057619	H
1361	1	49.007767718349584	2.196502901913035	H
1362	1	49.00804388312586	2.195541488379902	H
1363	1	49.008509685033914	2.193848750432538	H
1364	1	49.00861862298037	2.193439730674932	H
1365	1	49.00901178002179	2.191999067670693	H
1366	1	49.01002397190475	2.188342468293504	H
1367	1	49.01014479490455	2.187896449261308	H
1368	1	49.01033362527851	2.187193217458812	H
1369	1	49.011003327667034	2.184690434061876	H
1370	1	49.01142947729606	2.183093995563466	H
1371	1	49.011543110925146	2.182666827481433	H
1372	1	49.01177275778712	2.18181609402219	H
1373	1	49.012089255669835	2.180640878382492	H
1374	1	49.012794321781904	2.178049332489053	H
1375	1	49.01280505982368	2.178011018908897	H
1376	1	49.01288647412183	2.177708624539413	H
1377	1	49.01294373893854	2.177500636811216	H
1378	1	49.013146824939746	2.17674806297863	H
1379	1	49.013356180222736	2.175980425213717	H
1380	1	49.01360221076654	2.175078680235649	H
1381	1	49.013649623069014	2.174902164377811	H
1382	1	49.0140477349277	2.17344757894968	H
1383	1	49.01414345364975	2.173094537525855	H
1384	1	49.01415597120307	2.173043910225493	H
1385	1	49.01417296973515	2.172982332209368	H
1386	1	49.0142033724847	2.172861922373489	H
1387	1	49.01425167848839	2.172684032000837	H
1388	1	49.01433039897288	2.17239393191633	H
1389	1	49.01439481030248	2.172159933807473	H
1390	1	49.01440465080191	2.172124355370922	H
1391	1	49.015161392620946	2.169334150834148	H
1392	1	49.015176601696965	2.169280778493651	H
1393	1	49.01544134592737	2.168298240149801	H
1394	1	49.015488748167165	2.168121710485582	H
1395	1	49.01601465366265	2.16618532079457	H
1396	1	49.01620514735555	2.165480549707653	H
1397	1	49.01662949974572	2.163890874453162	H
1398	1	49.01706274598831	2.162296022835995	H
1399	1	49.01728718914446	2.161461213926096	H
1400	1	49.01738018758303	2.161117706484206	H
1401	1	49.0183065145471	2.157681202315226	H
1402	1	49.01833065774011	2.15759361026753	H
1403	1	49.01862842222757	2.156513748668303	H
1404	1	49.01906118979379	2.154943888066074	H
1405	1	49.01913673892181	2.154663485640923	H
1406	1	48.984315961145434	2.353407245869684	H
1407	1	48.98451021465702	2.353757288256642	H
1408	1	48.988342091074124	2.360689271665838	H
1409	1	48.98949561832185	2.362765100830239	H
1410	1	48.989859507239856	2.363416078162131	H
1411	1	48.99010210574834	2.363817530110666	H
1412	1	48.990330436678605	2.364175590152148	H
1413	1	48.99057780063291	2.364544510621891	H
1414	1	48.99080376099251	2.364855575633539	H
1415	1	48.99105826902895	2.365184736257229	H
1416	1	48.99132943274278	2.365513909887416	H
1417	1	48.99169336788717	2.365922685925408	H
1418	1	48.9920002227955	2.366233809964462	H
1419	1	48.99227853537679	2.366505149146215	H
1420	1	48.992521170055475	2.366729466309284	H
1421	1	48.99285420409891	2.367008076768097	H
1422	1	48.99319675960602	2.367272233306561	H
1423	1	48.99349887695353	2.367489362082486	H
1424	1	48.99431485207556	2.368003310338212	H
1425	1	48.99468835797542	2.368191568426409	H
1426	1	48.99500477068542	2.368332785243835	H
1427	1	48.99533784212501	2.368466783972825	H
1428	1	48.99563522953925	2.368571835309857	H
1429	1	48.99595165513571	2.368669666441447	H
1430	1	48.99600682957346	2.368684562796334	H
1431	1	49.06628869677683	2.322920457193825	H
1432	1	49.06645025356828	2.32322688448896	H
1433	1	49.06663826687376	2.323614289009766	H
1434	1	49.068530234291394	2.327669570460789	H
1435	1	49.14528660697936	2.270552769414137	H
1436	1	49.145004885217524	2.269743236183263	H
1437	1	49.144858945467675	2.269302047347389	H
1438	1	49.1444742705403	2.268144282979521	H
1439	1	49.14400577627793	2.266697426891478	H
1440	1	49.14309942579263	2.263988800988783	H
1441	1	49.14285615147412	2.263248974900613	H
1442	1	49.14260205817177	2.262473533643898	H
1443	1	49.14230472941687	2.261599475581498	H
1444	1	49.14205694933361	2.260867904046181	H
1445	1	49.14153431054462	2.259278722453667	H
1446	1	49.14125047943432	2.2584512841806	H
1447	1	49.14099004520333	2.257656714077337	H
1448	1	49.140523246768645	2.256252547927994	H
1449	1	49.139977117475794	2.254599083982394	H
1450	1	49.1399338530255	2.254459351589149	H
1451	1	49.13948685117976	2.25312648427628	H
1452	1	49.139199350029195	2.25226074478818	H
1453	1	49.13903800970557	2.251758007767847	H
1454	1	49.13838458429291	2.249817008069428	H
1455	1	49.13774643455998	2.247902071679877	H
1456	1	49.13728225331532	2.246546053857624	H
1457	1	49.136625110277826	2.244564082650314	H
1458	1	49.136042752528766	2.242802675280278	H
1459	1	49.136000563670855	2.242677776778168	H
1460	1	49.077699041897986	2.205446725524735	H
1461	1	49.076869223008075	2.204806727457009	H
1462	1	49.07626255454546	2.204322398107003	H
1463	1	49.07579901081776	2.203960892017575	H
1464	1	49.075256252543255	2.203532532177559	H
1465	1	49.074318383400744	2.202823274165091	H
1466	1	49.07320046926791	2.201955752901647	H
1467	1	49.073138360100316	2.201905277492039	H
1468	1	49.07270359432076	2.201551951653984	H
1469	1	49.07240292355003	2.201285864157705	H
1470	1	49.07217513247087	2.201053799286955	H
1471	1	49.07199714137392	2.200840933229804	H
1472	1	49.07180497589327	2.200585334631	H
1473	1	49.07123200896959	2.199721874369569	H
1474	1	49.07090858279546	2.199231398855944	H
1475	1	49.07074371507066	2.198981381682828	H
1476	1	49.07036893153217	2.19841167477818	H
1477	1	49.07022209535807	2.198201305190892	H
1478	1	49.07006409568258	2.19799623737301	H
1479	1	49.0699159014032	2.197836720840645	H
1480	1	49.069573743730324	2.197479085492922	H
1481	1	49.0693937198009	2.197339987685086	H
1482	1	49.06926140171137	2.197237709526698	H
1483	1	49.068926604747254	2.197018298629368	H
1484	1	49.06849227012793	2.196791150255154	H
1485	1	49.06803491119685	2.196597907141723	H
1486	1	49.06744739916861	2.196364166987326	H
1487	1	49.06701282673012	2.196182006672561	H
1488	1	49.065838683126486	2.19570086437753	H
1489	1	49.06523767745537	2.195464448275425	H
1490	1	49.06396091855894	2.194906996078088	H
1491	1	49.06351460280518	2.194683838791784	H
1492	1	49.063038557591845	2.19441834811831	H
1493	1	49.06248329715009	2.194090139366125	H
1494	1	49.06173719553469	2.193606484260956	H
1495	1	49.06113418787051	2.193211377727299	H
1496	1	49.060496121168974	2.192827330256025	H
1497	1	49.05973831859766	2.192339642569011	H
1498	1	49.0591587320481	2.191980077380003	H
1499	1	49.05851161920843	2.191557772949955	H
1500	1	49.05810839717739	2.191283914193455	H
1501	1	49.05804781084602	2.191244759191911	H
1502	1	48.966326543921575	2.3165820711557	H
1503	1	48.966393744340174	2.316484910128924	H
1504	1	48.96678572625771	2.315909726745557	H
1505	1	48.96762002622759	2.314688285531393	H
1506	1	48.968597252110804	2.313242728158259	H
1507	1	48.96884357665389	2.312868353708528	H
1508	1	48.96984595751948	2.311414516053476	H
1509	1	48.97053097753314	2.310403360643431	H
1510	1	48.97097057339717	2.309758391346334	H
1511	1	48.97188840976346	2.308411024472594	H
1512	1	48.972749118838706	2.307137032071533	H
1513	1	48.97951661736317	2.292168702598675	H
1514	1	48.979589154366096	2.291789698218523	H
1515	1	48.97986353849953	2.290222213839165	H
1516	1	48.979977479028605	2.289567691458342	H
1517	1	48.98009048492424	2.288836657909454	H
1518	1	48.98018640435107	2.288119301114432	H
1519	1	48.98030734452138	2.287041234559017	H
1520	1	48.980409608355906	2.285992792470875	H
1521	1	48.98046662937143	2.285262248269382	H
1522	1	48.98054485754905	2.283920717443851	H
1523	1	48.980575114486314	2.282988168044092	H
1524	1	48.980588202863906	2.282271280009533	H
1525	1	48.98058979824981	2.28159811695532	H
1526	1	48.98056499669417	2.280271315841249	H
1527	1	48.980483795865304	2.277954290835894	H
1528	1	48.98046990402003	2.2771755585253	H
1529	1	48.98046968061017	2.276747150227587	H
1530	1	48.98047751400797	2.276251981472504	H
1531	1	48.980483725970345	2.276096224327892	H
1532	1	48.98051036161429	2.275452698041319	H
1533	1	48.98054053975872	2.274714898034236	H
1534	1	48.980646099505464	2.272084772747632	H
1535	1	48.880922005750726	2.356328543670162	H
1536	1	48.88155417062131	2.356628054656908	H
1537	1	48.88198219546316	2.356799333165852	H
1538	1	48.88246469415315	2.356994235882584	H
1539	1	48.8829005023212	2.357153723092859	H
1540	1	48.88328961643796	2.357301391124828	H
1541	1	48.88376044740387	2.357460898560596	H
1542	1	48.88429157580141	2.357591018754253	H
1543	1	48.88448421597408	2.357638214045052	H
1544	1	48.88509125740502	2.357732877413798	H
1545	1	48.88584618413653	2.357768596740161	H
1546	1	48.88585100397467	2.357768158187986	H
1547	1	48.886426163609855	2.35771581244326	H
1548	1	48.88704955785311	2.357672776648871	H
1549	1	48.88773481550486	2.357622547948076	H
1550	1	48.88836298126484	2.357514564652608	H
1551	1	48.889076802005114	2.357406615422702	H
1552	1	48.889552685054134	2.35732021320441	H
1553	1	48.89002857213874	2.357212161668814	H
1554	1	48.89023708829652	2.357144303247164	H
1555	1	48.890604405445465	2.357024763993219	H
1556	1	48.89102319667512	2.356866168146696	H
1557	1	48.89151813371498	2.356671515411152	H
1558	1	48.892579402710176	2.356188407767444	H
1559	1	48.89345983611989	2.355726862337238	H
1560	1	48.894483025749736	2.355279785936971	H
1561	1	48.89535391628329	2.354955332043211	H
1562	1	48.89592022912841	2.354760668682024	H
1563	1	48.89658647313542	2.354573252941464	H
1564	1	48.89735264660646	2.354400303679799	H
1565	1	48.89790466586824	2.354321102683396	H
1566	1	48.898379186532864	2.354252975553522	H
1567	1	48.89844847831763	2.354243027550289	H
1568	1	48.899483382650274	2.354148424680226	H
1569	1	48.90043998528985	2.353906105047874	H
1570	1	48.90253866000476	2.353278831413478	H
1571	1	48.9042851569613	2.352860729356008	H
1572	1	48.90767816501823	2.352396188268604	H
1573	1	48.908158799391266	2.352342196388262	H
1574	1	48.90875602383843	2.352273798625216	H
1575	1	48.90962212111277	2.352151337011119	H
1576	1	48.91011465651064	2.352064855283502	H
1577	1	48.91226565385817	2.351524032040559	H
1578	1	48.913667133434465	2.351167059230403	H
1579	1	48.91444520105047	2.350983170912253	H
1580	1	48.915532957759744	2.350802520014954	H
1581	1	48.916573222038046	2.350627204005268	H
1582	1	48.91686351007056	2.350565910713105	H
1583	1	48.91738222096736	2.350443305575427	H
1584	1	48.917567175663955	2.350389537889768	H
1585	1	48.93445554414068	2.345604378196291	H
1586	1	48.9347598803002	2.345526827295691	H
1587	1	48.93519466829337	2.345435526614925	H
1588	1	48.93555115231321	2.345360667089803	H
1589	1	48.93586688320355	2.345304411272231	H
1590	1	48.93586839972328	2.345304141024547	H
1591	1	48.93602849228121	2.345275614908577	H
1592	1	48.93652502294891	2.345187141814928	H
1593	1	48.936936485043404	2.345094819779337	H
1594	1	48.9380016612144	2.344825212527905	H
1595	1	48.93841979433807	2.344718752966593	H
1596	1	48.93884268229568	2.344611081014025	H
1597	1	48.93922909852676	2.344454387596341	H
1598	1	48.93960593570958	2.344318818865329	H
1599	1	48.93993191358545	2.344199675596359	H
1600	1	48.940222201403074	2.344073302064426	H
1601	1	48.94091698820155	2.343784447655979	H
1602	1	48.94139286946297	2.343567793834791	H
1603	1	48.941709331641526	2.343405297819504	H
1604	1	48.94207814241772	2.343188624089769	H
1605	1	48.942411263706894	2.342953884887095	H
1606	1	48.94273486729522	2.34271552642032	H
1607	1	48.9431631687883	2.342329083715866	H
1608	1	48.94360812644096	2.341888451584169	H
1609	1	48.94387938561714	2.341577835338476	H
1610	1	48.94411733148601	2.341296109545675	H
1611	1	48.94439334820414	2.340952975273245	H
1612	1	48.944795477824776	2.340382279712963	H
1613	1	48.94551882688164	2.339327549259685	H
1614	1	48.94590191342767	2.338760437553037	H
1615	1	48.94624692584876	2.338247501223794	H
1616	1	48.94653007284705	2.337850151686681	H
1617	1	48.946891736565135	2.337387774586994	H
1618	1	48.94719629436535	2.337044601839637	H
1619	1	48.94755795519592	2.336668912202581	H
1620	1	48.94783369333092	2.336418315320437	H
1621	1	48.94789582121832	2.336361852815723	H
1622	1	48.948240823672926	2.336080077168161	H
1623	1	48.94850332331822	2.335876110967622	H
1624	1	48.94864531043422	2.33576578286533	H
1625	1	48.948945105128566	2.335559862419661	H
1626	1	48.94924965908747	2.335364777086415	H
1627	1	48.94954469554843	2.335194977619876	H
1628	1	48.95092945991633	2.334429046671184	H
1629	1	48.95122687406251	2.334259234623968	H
1630	1	48.95152904623438	2.334093034053209	H
1631	1	48.951845494752135	2.333901541167026	H
1632	1	48.95212625186853	2.333724500337994	H
1633	1	48.95389882081091	2.33246349174877	H
1634	1	48.954548363533014	2.332004592777577	H
1635	1	48.95498852878942	2.33167577070624	H
1636	1	48.95539299996104	2.331328881441106	H
1637	1	48.95573561033465	2.331010897605432	H
1638	1	48.95601159997157	2.330743501400028	H
1639	1	48.95635420752508	2.330407443727636	H
1640	1	48.95680863609423	2.329955748658342	H
1641	1	48.957148858929784	2.329579937771228	H
1642	1	48.95768179226923	2.328972850049945	H
1643	1	48.95810052146346	2.328463877708284	H
1644	1	49.0249607929935	2.22232269268405	H
1645	1	49.023941020465244	2.224586745203469	H
1646	1	49.02363772246859	2.225260201728622	H
1647	1	49.023456465008245	2.2256680978113	H
1648	1	49.02317469624979	2.226292266646845	H
1649	1	49.023039203117506	2.226601601256456	H
1650	1	49.022821153986655	2.227095715482583	H
1651	1	49.02203769393046	2.228788889933695	H
1652	1	49.02177395532403	2.229376488386948	H
1653	1	49.04543025331719	2.197087678318263	H
1654	1	49.045393587189324	2.197091584578418	H
1655	1	49.04500784291376	2.197128241811314	H
1656	1	49.04444054904773	2.197250225733227	H
1657	1	49.044023477020424	2.197407351607282	H
1658	1	49.04377184210171	2.197540752370863	H
1659	1	49.043612778840945	2.197630118776123	H
1660	1	49.04358222716697	2.197649355411088	H
1661	1	49.04338006490403	2.197793559990602	H
1662	1	49.04313749893809	2.197989858698795	H
1663	1	49.04281682501986	2.198293074597037	H
1664	1	49.042530344904485	2.19861534077323	H
1665	1	49.042280743199754	2.198944341208772	H
1666	1	49.04215418902421	2.199147147291958	H
1667	1	49.04197198800358	2.199440389363223	H
1668	1	49.04165435609978	2.200034945660413	H
1669	1	49.04115104871368	2.201032167398774	H
1670	1	49.04079726731703	2.201729355047592	H
1671	1	49.04045394954173	2.202422478287046	H
1672	1	49.03929208168125	2.204740031468317	H
1673	1	49.03877889976846	2.205789162215095	H
1674	1	49.03848457841527	2.20635074933096	H
1675	1	49.03820367490301	2.206852110795169	H
1676	1	49.03795055689481	2.207274061122938	H
1677	1	49.037681227002956	2.207675532602531	H
1678	1	49.037407376811885	2.208056494534667	H
1679	1	49.03696822420438	2.208585600289199	H
1680	1	49.0367068633084	2.208878982019251	H
1681	1	49.036334087077066	2.209258816733971	H
1682	1	49.035311307600814	2.21024652105706	H
1683	1	48.98091190234532	2.269851993930268	H
1684	1	48.980964378901696	2.269545265099509	H
1685	1	48.98105798567438	2.26900472661755	H
1686	1	48.981275028467046	2.268027562605059	H
1687	1	48.981356693919246	2.267747367056281	H
1688	1	48.98159360990195	2.266934115114945	H
1689	1	48.98163041478422	2.266826128905727	H
1690	1	48.981888935490176	2.266060654556561	H
1691	1	48.982511028347986	2.26429179731313	H
1692	1	48.982847634145884	2.263314407492389	H
1693	1	48.98344905155076	2.261622025452843	H
1694	1	48.98364115817356	2.261108001244041	H
1695	1	48.98372195182287	2.260894732323527	H
1696	1	48.98464564706058	2.258429804144583	H
1697	1	48.98495173939086	2.257613609603145	H
1698	1	48.98500470033862	2.257474157250311	H
1699	1	48.980646099505464	2.272084772747632	H
1700	1	48.980655916122814	2.271950869618948	H
1701	1	48.980666635533055	2.271823795701041	H
1702	1	48.98067109429609	2.271758211804184	H
1703	1	48.98067913388144	2.271662563736778	H
1704	1	48.98072021384204	2.271161102964788	H
1705	1	48.980790942793604	2.270614515042523	H
1706	1	48.98081424050182	2.270471029382746	H
1707	1	48.980838434627074	2.270322078497261	H
1708	1	48.98091190234532	2.269851993930268	H
1709	1	49.0329720458511	2.336829689836827	H
1710	1	49.03374705599777	2.333064263333692	H
1711	1	49.03429656489458	2.330408070052808	H
1712	1	49.034389335205866	2.330020851695396	H
1713	1	49.03451065412458	2.32956487214166	H
1714	1	49.03466765940501	2.329098029981884	H
1715	1	49.03482704837175	2.328703558317814	H
1716	1	49.03500784829614	2.32830546200745	H
1717	1	49.03525288664736	2.327871163158731	H
1718	1	49.03553361162756	2.327415139404125	H
1719	1	49.03581672243698	2.327045964523046	H
1720	1	49.03607604445391	2.32676002136028	H
1721	1	49.036378194869926	2.326481305745597	H
1722	1	49.03665655781281	2.326264113513084	H
1723	1	49.03690637310787	2.32610120850182	H
1724	1	49.03716570664634	2.325960013264103	H
1725	1	49.03739887078746	2.325851392708387	H
1726	1	49.03771531125956	2.325728276642763	H
1727	1	49.038043646499375	2.32560153743536	H
1728	1	49.04516945935585	2.322917846227109	H
1729	1	48.95987163557922	2.326090157538489	H
1730	1	48.96076982776029	2.324885630232892	H
1731	1	48.961026763853525	2.324571202075725	H
1732	1	48.96128608135137	2.324285678592874	H
1733	1	48.961562056335495	2.324018214026023	H
1734	1	48.9618642081763	2.323804941054536	H
1735	1	48.962144952813254	2.323653101596296	H
1736	1	48.962435217408256	2.323526551115186	H
1737	1	48.96266124645435	2.32345421960038	H
1738	1	48.96290155305387	2.323392724389628	H
1739	1	48.96312520855269	2.323367369423835	H
1740	1	48.96338693559097	2.323370909353959	H
1741	1	48.963693874934556	2.323406962418852	H
1742	1	48.96397940423433	2.323479157749756	H
1743	1	48.96426255694515	2.323580261005654	H
1744	1	48.96454571573041	2.323735571127393	H
1745	1	48.96482887747118	2.323916179734658	H
1746	1	48.965064452518824	2.324107644110293	H
1747	1	48.9652905131831	2.324317178915503	H
1748	1	48.965530857034445	2.324598989257063	H
1749	1	48.96575930503585	2.324906099623052	H
1750	1	48.965987760677784	2.325292715948479	H
1751	1	48.96617576497163	2.325664889715721	H
1752	1	48.96635901411459	2.32610211451649	H
1753	1	48.96652561263972	2.326589940313568	H
1754	1	48.966818343505985	2.327446352769264	H
1755	1	48.966999210858496	2.327923342359423	H
1756	1	48.967180072172404	2.328346129488286	H
1757	1	48.96735616779886	2.328696643555898	H
1758	1	48.96754415917988	2.329036314637615	H
1759	1	48.96775832038894	2.329365144468706	H
1760	1	48.96798437675721	2.329668676877239	H
1761	1	48.9682056712447	2.329928847129442	H
1762	1	48.968460276312825	2.330196241987498	H
1763	1	48.968741052391586	2.330460021564683	H
1764	1	48.97337615713605	2.334724277539247	H
1765	1	48.97382585985883	2.335143519601111	H
1766	1	48.97408283132784	2.335396513383134	H
1767	1	48.9743374230962	2.335682040432722	H
1768	1	48.974594394904884	2.336003713630904	H
1769	1	48.97485612310621	2.336390449475247	H
1770	1	48.975129748043095	2.336842248107739	H
1771	1	48.975698404027916	2.337883211512191	H
1772	1	48.97605425220996	2.338524070645141	H
1773	1	49.04531164742989	2.105110703444507	H
1774	1	49.04532047904142	2.104628215681291	H
1775	1	49.0453300080567	2.104374559147197	H
1776	1	49.04534147531395	2.1040866708402	H
1777	1	49.04538636216877	2.103441731027952	H
1778	1	49.045445118725695	2.102705058920909	H
1779	1	49.04547842716367	2.102295453480012	H
1780	1	49.04553370393042	2.101824629861494	H
1781	1	49.045648738962825	2.101108482966613	H
1782	1	49.14896715562858	2.281752268322334	H
1783	1	49.14878792627322	2.281180812366807	H
1784	1	49.148710471313294	2.280938254210719	H
1785	1	49.14870686773067	2.280925920623212	H
1786	1	49.14866813790953	2.280799843988752	H
1787	1	49.14862670654642	2.280666916298322	H
1788	1	49.148593378382806	2.280554542531451	H
1789	1	49.148334874994575	2.279717238875601	H
1790	1	49.14786022042625	2.27824823521512	H
1791	1	49.147719504678726	2.277823190629398	H
1792	1	49.20347844128452	2.377298552092145	H
1793	1	49.20386105259353	2.379996908664055	H
1794	1	49.204035729511645	2.381266402330534	H
1795	1	49.20425340373327	2.382817969088153	H
1796	1	49.20460823510505	2.38533387110619	H
1797	1	49.20501030287133	2.388232749449607	H
1798	1	49.20552960030437	2.391911720706106	H
1799	1	49.20585512075804	2.394272377946979	H
1800	1	49.206084150452085	2.395861404617134	H
1801	1	49.20618918873538	2.396462836662351	H
1802	1	49.206328562028055	2.397130191818334	H
1803	1	49.206575419280526	2.398193217826621	H
1804	1	49.20690946708167	2.399332677436752	H
1805	1	49.20711145313104	2.399921030758401	H
1806	1	49.207304477668124	2.400456333559258	H
1807	1	49.208018120656	2.402281483319054	H
1808	1	49.21075704582235	2.409274119336036	H
1809	1	49.211761213589334	2.411826603102052	H
1810	1	49.213111702277885	2.415305390335265	H
1811	1	49.2135182309623	2.416335353873277	H
1812	1	49.213790802618604	2.417033174921132	H
